dim 100 100 100
putbox 0 99 0 99 0 99 1.0 1.0 1.0 1
cutbox 2 97 1 99 2 99 1.0 1.0 1.0 1
putbox 2 12 42 58 48 64 0.99 0.99 0.10 1  
cutbox 3 13 43 57 49 63 0.99 0.99 0.10 1
putbox 2 12 58 74 64 80 0.99 0.99 0.10 1
cutbox 3 13 59 73 65 79 0.99 0.99 0.10 1
putbox 2 12 26 42 32 48 0.99 0.99 0.10 1
cutbox 3 13 27 41 33 47 0.99 0.99 0.10 1
putbox 34 68 34 68 0 3 0.39 0.18 0.01 1
cutbox 36 50 36 50 0 3 0.4 0.4 0.9 0.3
cutbox 36 50 52 66 0 3 0.4 0.4 0.9 0.3
cutbox 52 66 52 66 0 3 0.4 0.4 0.9 0.3
cutbox 52 66 36 50 0 3 0.4 0.4 0.9 0.3
putbox 36 50 36 50 2 2 0.4 0.4 0.9 0.3
putbox 36 50 52 66 2 2 0.4 0.4 0.9 0.3
putbox 52 66 52 66 2 2 0.4 0.4 0.9 0.3
putbox 52 66 36 50 2 2 0.4 0.4 0.9 0.3
putbox 30 97 10 14 2 30 0.39 0.18 0.01 1
putbox 97 97 14 28 2 30 0.39 0.18 0.01 1
putbox 97 97 28 29 3 29 0.39 0.18 0.01 1
putbox 30 34 2 9 26 30 0.39 0.18 0.01 1
putbox 30 34 2 9 3 7 0.39 0.18 0.01 1
putbox 93 97 2 9 3 7 0.39 0.18 0.01 1
putbox 93 97 2 9 26 30 0.39 0.18 0.01 1
putbox 31 96 14 20 3 29 0.9 0.6 0.1 1
putbox 86 96 21 23 4 28 0.9 0.9 0.9 1
putbox 77 97 30 32 50 90 0.39 0.18 0.01 1
putbox 77 79 2 29 50 52 0.39 0.18 0.01 1
putbox 77 79 2 29 88 90 0.39 0.18 0.01 1
putbox 95 97 2 29 88 90 0.39 0.18 0.01 1
putbox 95 97 2 29 50 52 0.39 0.18 0.01 1 
putbox 75 90 15 17 53 68 0.20 0.4 0.9 1
putbox 75 76 16 36 53 68 0.20 0.4 0.9 1
putbox 75 77 2 15 53 55 0.20 0.4 0.9 1
putbox 75 77 2 15 66 68 0.20 0.4 0.9 1
putbox 88 90 2 15 53 55 0.20 0.4 0.9 1
putbox 88 90 2 15 66 68 0.20 0.4 0.9 1
putbox 78 90 33 33 80 89 0.9 0.9 0.9 1
putbox 79 83 34 34 81 81 0.1 0.1 0.1 1
putbox 78 88 33 33 52 69 0.1 0.1 0.1 1
putbox 88 88 33 43 52 69 0.1 0.1 0.1 1
putbox 3 11 43 56 50 50 0.9 0.1 0.1 1
putbox 3 11 43 57 54 54 0.9 0.1 0.1 1
putbox 3 11 59 73 67 67 0.9 0.1 0.1 1
putbox 3 11 59 72 78 78 0.9 0.1 0.1 1
putbox 3 11 27 40 34 34 0.9 0.1 0.1 1
putbox 3 11 27 41 40 40 0.9 0.1 0.1 1
putbox 3 11 27 40 35 35 0.9 0.8 0.3 1
putbox 3 11 27 41 45 45 0.9 0.8 0.3 1
putbox 3 11 43 56 51 51 0.9 0.8 0.3 1
putbox 3 11 43 56 60 60 0.9 0.8 0.3 1
putbox 3 11 43 56 53 53 0.9 0.8 0.3 1
putbox 3 11 59 72 73 73 0.9 0.8 0.3 1
putbox 3 11 59 72 70 70 0.9 0.8 0.3 1
putbox 3 11 27 40 37 38 0.2 0.12 0.35 1
putbox 3 11 27 40 42 42 0.2 0.12 0.35 1
putbox 3 11 59 72 69 69 0.2 0.12 0.35 1
putbox 3 11 43 56 52 52 0.2 0.12 0.35 1
putbox 3 11 43 56 61 61 0.2 0.12 0.35 1
putbox 3 11 43 56 55 55 0.2 0.12 0.35 1
putbox 3 11 59 72 71 71 0.2 0.12 0.35 1
putbox 3 11 27 36 39 39 0.1 0.64 0.1 1
putbox 3 11 27 36 36 36 0.1 0.64 0.1 1
putbox 3 11 27 40 43 44 0.1 0.64 0.1 1
putbox 3 11 59 70 65 65 0.1 0.64 0.1 1
putbox 3 11 43 56 56 56 0.1 0.64 0.1 1
putbox 3 11 43 56 62 62 0.1 0.64 0.1 1
putbox 3 11 59 73 72 72 0.1 0.64 0.1 1  
putbox 2 97 1 1 2 99 0.9 0.8 0.7 1
putbox 2 97 1 1 80 80 0.1 0.1 0.1 1
putbox 2 97 1 1 60 60 0.1 0.1 0.1 1
putbox 2 97 1 1 40 40 0.1 0.1 0.1 1
putbox 2 97 1 1 20 20 0.1 0.1 0.1 1
putbox 80 80 1 1 2 99 0.1 0.1 0.1 1
putbox 60 60 1 1 2 99 0.1 0.1 0.1 1
putbox 40 40 1 1 2 99 0.1 0.1 0.1 1
putbox 20 20 1 1 2 99 0.1 0.1 0.1 1  
putbox 2 20 2 37 60 96 0.55 0.35 0.1 1
cutbox 20 20 2 37 95 95 0.55 0.35 0.1 1
cutbox 20 20 2 37 61 61 0.55 0.35 0.1 1
cutbox 20 20 27 27 62 94 0.55 0.35 0.1 1
cutbox 20 20 17 17 62 94 0.55 0.35 0.1 1
cutbox 20 20 7 7 62 94 0.55 0.35 0.1 1
cutbox 10 20 3 7 63 93 0.55 0.35 0.1 1  
putbox 20 29 2 2 62 94 0.55 0.35 0.1 1
putbox 30 30 2 7 62 94 0.55 0.35 0.1 1
putbox 10 29 2 6 62 62 0.55 0.35 0.1 1
putbox 10 29 2 6 94 94 0.55 0.35 0.1 1
putbox 19 19 2 37 95 95 0.4 0.2 0.1 1
putbox 19 19 2 37 61 61 0.4 0.2 0.1 1
putbox 19 19 27 27 62 94 0.4 0.2 0.1 1
putbox 19 19 17 17 62 94 0.4 0.2 0.1 1
putbox 19 19 36 36 62 94 0.4 0.2 0.1 1
putbox 19 19 7 7 62 94 0.4 0.2 0.1 1
putbox 21 21 32 32 77 79 0.1 0.1 0.1 1
putbox 21 21 22 22 77 79 0.1 0.1 0.1 1
putbox 21 21 12 12 77 79 0.1 0.1 0.1 1
putbox 31 31 4 4 77 79 0.1 0.1 0.1 1
cutbox 19 19 37 37 61 95 0.1 0.1 0.1 1
cutbox 20 20 3 7 63 93 0.1 0.1 0.1 1
putbox 14 28 4 4 63 75 0.85 0.1 0.23 1
putbox 14 28 6 6 63 75 0.9 0.53 0.01 1
putbox 14 28 5 5 63 75 0.1 0.45 0.55 1
